ТМЗ-1,0/8	1	8	2,5	0	2
Д-564	0,65-0,69	11	0,2	0	16
Д-563	0,65-0,69	11	0,2	0	16
ВГД-16/8	0,4	8	1,6	0,57	2
ВГД-28/8	0,7	8	2,7	0,8	2
ВГД-40/8	1	8	4,5	1,3	2
ППК-700	0,7	9	0,2	0	16
ППК-1600	1,6	9	0,5	0	16
ШС-1/8	0,2	8	0,9	0,3	2
ШС-2/8	0,4	8	1,8	0,55	2
ШС-3/8	0,7	8	3,2	1,07	2
ШС-4/8	1	8	3,5	1,07	2
ТМЗ-0,4/8	0,4	8	1,4	0	2
АПВ	12	2	17,2	2,73	4
WOLF Vapotherm 500	0,5	6	1,5	0,4	4
WOLF Vapotherm 1000	1	6	1,9	0,9	4
WOLF Vapotherm1600	1,6	6	2,6	1,2	4
BOOSTER BO-100TD	0,1	6,5	0	0	16
BOOSTER BO-200TD	0,2	9	0,1	0	16
BOOSTER BO-300TD	0,3	9	0,1	0	16
BOOSTER BO-400TD	0,4	9	0,1	0	16
BOOSTER BO-100G	0,1	9	0	0	4
BOOSTER BO-200G	0,2	9	0,1	0	4
BOOSTER BO-300G	0,3	9	0,1	0	4
BOOSTER BO-400G	0,4	9	0,1	0	4
BOOSTER BO-500G	0,5	9	0,1	0	4
BOOSTER BHS-300P	0,3	9	0,1	0	4
BOOSTER BHS-400P	0,4	9	0,1	0	4
BOOSTER BCS-500G	0,5	9	0,1	0	4
BOOSTER BCS-600G	0,6	9	0	0	4
BOOSTER BCS-800G	0,8	9	0	0	4
BOOSTER BOP-500G	0,5	9	0,1	0	4
BOOSTER BOP-600G	0,6	9	0,2	0	4
BOOSTER BOP-800G	0,8	9	0,3	0	4
BOOSTER BOP-1000G	1	9	0,3	0	4
BOOSTER NBO-500D(C)	0,5	9	0,2	0	20
BOOSTER NBO-600D (C)	0,6	9	0,2	0	20
BOOSTER NBO-800D (C)	0,8	9	0,2	0	20
BOOSTER NBO-1000D (C)	1	9	0,3	0	20
BOOSTER NBO-1600D (C)	1,6	9	0,3	0	20
BOOSTER NNB-1600G(GD)	1,5	15	0,3	0	20
BOOSTER NNB-2000G(GD)	2	9	0,4	0	20
BOOSTER NNB-2600G(GD)	2,5	9	0,4	0	20
BOOSTER NNB-3000G(GD)	3	9	0,5	0	20
BOOSTER BSS-1000-SD	1	9	0,2	0	20
BOOSTER BSS-1500-SD	1,5	9	0,2	0	20
BOOSTER BSS-2000-SD	2	9	0,2	0	20
BOOSTER BSS-2500-SD	2,5	9	0,3	0	20
BOOSTER BSS-3000-SD	3	9	0,4	0	20
BOOSTER BSS-1000-HD	1	9	0,2	0	16
BOOSTER BSS-1500-HD	1,5	9	0,2	0	16
BOOSTER BSS-2000-HD	2	9	0,2	0	16
BOOSTER BSS-2500-HD	2,5	9	0,3	0	16
BOOSTER BSS-3000-HD	3	9	0,4	0	16
BOOSTER BSS-1000-HG	1	9	0,2	0	4
BOOSTER BSS-1500-HG	1,5	9	0,2	0	4
BOOSTER BSS-2000-HG	2	9	0,2	0	4
BOOSTER BSS-2500-HG	2,5	9	0,4	0	4
BOOSTER BSS-3000-HG	3	9	0,4	0	4
BOOSTER BSS-4000-HG	4	9	0,5	0	4
BOOSTER BSS-4000-GX	4	9	0,5	0	4
WOLF Vapotherm 2500	2,5	6	4,3	1,4	4
WOLF Vapotherm 4000	4	6	5,3	1,8	4
ММЗ 0,7/8	0,7	8	1,6	0,67	2
ММЗ 1,0/8	1	8	1,6	1,63	2
КПА-500Г	0,4	9	0,2	0	4
КПА-500Ж	0,4	9	0,2	0	16
ТП-35У	35	39	13,3	0	2
ТП-20-У	20	39	9,3	0	2
ТП-200-2	200	34	67	0	4
ТП-150-1	150	33	52	0	4
ТП-80	420	140	115	0	12
ТП-82	420	140	115	0	2
ТП-10	220	110	88,2	0	4
ТП-12	220	100	85	0	2
ТП-15	220	100	87,4	0	4
ТП-230-2	230	110	71,6	0	4
ПК-10, ПК-10-2	230	100	61	0	2
ПК-14, ПК-14-2	230	100	63	0	2
ПК-19, ПК-19-2	120	101	57	0	6
ПК-20, ПК-20-2	120	101	58	0	2
ММЗ-0,4/9	0,4	9	0,9	0	2
ММЗ-4-08/9	0,8	8	1,8	0	2
ММК-0,5	0,5	8	2,1	0,58	2
ММК-0,7	0,7	8	2,5	0,74	2
МЗК-8АГ	0,4	9	0,2	0	4
МЗК-7АГ-1	1	9	0,4	0	4
МЗК-11Г	1	9	0,4	0	4
МЗК-12	1,6	9	0,4	0	4
ПНК-3Г	1	9	1,6	0	4
Е-1-9 -1Р	1	9	1,3	0,36	2
Е-1-9 -Р-3	1	9	1,05-1,1	    - 	2
КРШ-2-13	2	13	3,7	0,9	2
КРШ-4-13 (без ПП)	4	13	6,6	1,4	2
ДЕ-4-14-ГМ	4	14	4,2	1,05	12
ДЕ-4-14-225ГМ	4	14	4,6	1,2	12
ДЕ-6,5-14-ГМ	6,5	14	5,6	1,18	12
ДЕ-6,5-14-225ГМ	6,5	14	5,4	1,3	12
ДЕ-10-14ГМ	10	14	8,4	2	12
ДЕ-10-14-225ГМ	10	14	8,4	2,1	12
ДЕ-10-24ГМ	10	24	8,4	2	12
ДЕ-10-24-250ГМ	10	24	8,4	2,1	12
ДЕ-16-14ГМ	16	14	13,3	2,3	12
ДЕ-16-14-225ГМ	16	14	13,3	2,5	12
ДЕ-16-24ГМ	16	24	13,3	2,3	12
ДЕ-16-24-250ГМ	16	24	13,3	2,5	12
ДЕ-25-14ГМ	25	14	16,4	2,6	12
ДЕ-25-14-225ГМ	25	14	16,5	2,8	12
ДЕ-25-15-270ГМ	25	15	12,7	3,49	12
ДЕ-25-15-285ГМ	25	15	13	4,87	12
ДЕ25-24ГМ	25	24	16,5	2,6	12
ДЕ-25-24-250ГМ	25	24	16,5	2,8	12
ДЕ-25-24-380ГМ	25	24	16,5	3,1	12
КРШ-4-13 (с ПП)	4	13	6,2	1,4	2
КРШ-6,5-13 (без ПП)	6,5	13	8,1	1,8	2
КРШ-6,5-13 (с ПП)	6,5	13	7,6	1,8	2
ВВД 80-13	2	13	5,1	1,6	2
ВВД 140-13	4	13	6,9	1,9	2
ВВД 200-13	6,5	13	9,5	2,45	2
ДКВР 2,5-13	2,5	13	4	1,57	2
ДКВР 4-13	4	13	5,6	2,05	2
ДКВР 4-13-250	4	13	5,4	2,05	2
ДКВР 6,5-13	6,5	13	7,8	2,55	2
ДКВР 6,5-13-250	6,5	13	7,5	2,55	2
ДКВР 10-13ГМ	10	13	9,1	2,63	20
ДКВР 10-13	10	13	9,1	2,63	2
ДКВР 10-13-250	10	13	8,8	2,63	2
ДКВР 20-13	20	13	10,6	1,84	2
ДКВР 20-13-250	20	13	10	1,84	2
ДКВР 6,5-23	6,5	23	7,8	2,55	2
ДКВР 65-23-370	6,5	23	7,8	2,55	2
ДКВР 10-23	10	23	9,1	2,63	2
ДКВР 10-23-370	10	23	8,8	2,63	2
ДКВР 20-23	20	23	10,6	1,84	2
ДКВР 20-23-250	20	23	10	1,84	2
ВГД-28/8М	0,7	8	2,7	0	2
Е-1-9 -1М	1	9	1,3	0,36	16
Е-50-24	50	24	16,5	4,9	4
Е-50-14	50	13	16,2	4,7	14
ПНК-3М	1	9	1,6	0	16
Е-1,6-9М	1,6	9	2,5	0	16
ДС-83Ж	1,6	9	1,2	0	16
9С-83Г	1,6	9	1,2	0	4
МЗК-8АЖ	0,4	9	0,2	0	16
МЗК-7АЖ-1	1	9	0,4	0	16
ДКВР-2,5-14	2,5	13	3,9	1,5	2
ДКВР-4,0-14	4	13	5,3	1,98	2
ДКВР-6,5-14(Е-6,5-1,4)	6,5	13	7,8	2,55	2
ДКВР-6,5-24(Е-6,5-2,4)	6,5	24	7,8	2,55	2
ПКН-1С	1	8	1,2	0	16
ПКН-3	1	8	1,2	0	4
Е-35-3,9-440ГМ	35	39	12,5	6,5	12
БКЗ-90-39	90	39	23,7	11,2	4
Е-50-39	50	39	17	5,7	14
ДКВР 10-39-440	10	39	1,5	7	2
БКЗ-75-39-СЛ	75	39	32,6	0	2
БКЗ-50-39-Ф	50	39	21,2	0	2
ЦКТИ-75-39Ф	75	39	30,4	0	2
ТС-35У	35	39	13,1	0	2
ТС-20-У	20	39	10,7	0	2
БКЗ-170	170	100	63	35	12
ТП-170-1	197	101	56,7	0	12
БКЗ-220-100Ф	220	98	66	0	2
БКЗ-210-100Ф	210	98	64	0	2
БКЗ-160-100Ф	160	98	48	0	12
БКЗ-75-89-ФБ	75	89	30	0	2
Е-420-13,8-560	420	138	116	68	12