Logan0 G334WS	0,15	5	0,07	4
Logan0 G334WS	0,19	5	0,09	4
Logan0 G334WS	0,23	5	0,1	4
Logan0 G334WS	0,27	5	0,12	4
Logano GE6515	0,24	7	0,26	4
Logano GE6516	0,3	7	0,29	4
Logano GE6517	0,36	7	0,33	4
Logano GE6518	0,4	7	0,37	4
Logano GE6519	0,46	7	0,4	4
Logano GE6520	0,51	7	0,44	4
ТТ100-1000	1	6	1,76	12
ТТ100-1500	1,5	6	1,76	12
ТТ100-2000	2	6	2,8	12
ТТ100-2500	2,5	6	3	12
ТТ100-3000	3	6	4,1	12
ТТ100-3500	3,5	6	4,6	12
ТТ100-4200	4,2	6	5,4	12
ТТ100-5000	5	6	6,4	12
ТТ100-6500	6,5	6	7,4	12
ТТ100-8000	8	6	9,6	12
ТТ100-10000	10	6	12,1	12
IGNIS F-400	0,4	6	0,9	12
IGNIS F-600	0,6	6	0,8	12
IGNIS F-800	0,8	6	1,6	12
IGNIS F-1000	1	6	2,3	12
IGNIS F-1250	1,25	6	2,22	12
IGNIS F-1500	1,5	6	2,5	12
IGNIS G-1400	1,4	6	2,23	4
IGNIS G-1800	1,8	6	3,3	4
IGNIS G-2300	2,3	6	3,7	4
IGNIS G-2900	2,9	6	5	4
IGNIS G-3500	3,5	6	5,8	4
IGNIS G-4200	4,2	6	6,2	4
IGNIS G-5000	5	6	8	4
IGNIS F-2000	2	6	3,9	12
IGNIS F-2500	2,5	6	4,2	12
IGNIS F-3000	3	6	6,4	12
IGNIS F-3500	3,5	6	7,9	12
IGNIS F-4000	4	6	8,4	12
IGNIS F-4500	4,5	6	8,4	12
IGNIS F-5000	5	6	8,6	12
IGNIS F-5500	5,5	6	8,8	12
IGNIS F-6000	6	6	8,92	12
IGNIS F-6500	6,5	6	9,17	12
IGNIS F-7000	7	6	12	12
IGNIS F-7500	7,5	6	12,1	12
IGNIS F-8000	8	6	12,2	12
IGNIS F-9000	9	6	12,5	12
 WOLF DUOTHERM 500	0,5	6	0,46	12
 WOLF DUOTHERM 800	0,8	6	0,91	12
 WOLF DUOTHERM 1100	1,1	6	0,85	12
 WOLF DUOTHERM 1600	1,6	6	1,49	12
 WOLF DUOTHERM 2000	2	6	2	12
 WOLF Eurotwin  450	0,45	6	0,54	12
 WOLF Eurotwin 600	0,6	6	0,59	12
 WOLF Eurotwin 800	0,8	6	0,65	12
 WOLF Eurotwin 1000	1	6	0,8	12
 WOLF Eurotwin 1250	1,25	6	0,95	12
 WOLF Euromax 1600	1,6	6	1,97	12
 WOLF Euromax 2000	2	6	2,5	12
 WOLF Dynatherm 1600	1,7	6	2,77	12
 WOLF Dynatherm 2000	2	6	4,27	12
 WOLF Dynatherm 2500	2,8	6	4,67	12
 WOLF Dynatherm 3200	3,2	6	5,9	12
 WOLF Dynatherm 4000	4,44	6	6,81	12
 WOLF Dynatherm 5000	5,8	6	8,74	12
 WOLF Eurotherm 3/115	3,15	16	1,4	12
 WOLF Eurotherm 4/115	4,65	16	2,41	12
 WOLF Eurotherm 7/115	7,65	16	3	12
 WOLF Eurotherm 11/115	11,65	16	3,62	12
 WOLF Eurotherm 17/115	17,44	16	5,1	12
 WOLF Eurotherm 25/115	23,26	16	6,82	12
 WOLF Eurotherm 35/115	35	16	8,15	12
 WOLF Eurotherm58/115	58,2	16	14,15	12
 Unitherm 800	800	10	2,8	12
Unitherm 1000	1000	10	3,1	12
Unitherm 1250	1250	10	3	12
Unitherm 1500	1500	10	3,7	12
Unitherm 2000	2000	10	4,8	12
Unitherm 2500	2500	10	5,7	12
Unitherm 3050	3050	10	6,9	12
Unitherm 3500	3500	10	7,4	12
Unitherm 4000	4000	10	9,2	12
Unitherm 4500	4500	10	9,7	12
Unitherm 5000	5000	10	12,5	12
Unitherm 6000	6000	10	14,2	12
Unitherm 7000	7000	10	15,6	12
Unitherm 8000	8000	10	16,8	12
Unitherm 9000	9000	10	18,5	12
Unitherm 10000	10000	10	20,4	12
Unitherm 12000	12000	10	30,2	12
Unitherm 15000	15000	10	34,8	12
Unitherm 17500	17500	10	37,1	12
Unitherm 20000	20000	10	43,2	12
BOOSTER BOV-350	0,41	6	0,38	12
BOOSTER BOV-400	0,47	6	0,38	12
BOOSTER BOV-450	0,52	6	0,41	12
BOOSTER BOV-500	0,58	6	0,41	12
BOOSTER BOV-600	0,7	6	0,41	12
BOOSTER BOV-800	0,93	6	0,51	12
BOOSTER BOV-1000	1,16	6	0,53	12
BOOSTER BOV-1300	1,51	6	0,62	12
BOOSTER BOV-1600	1,86	6	0,75	12
BOOSTER BOV-2000	2,33	6	0,9	12
BOOSTER BOV-2500	2,91	6	1,08	12
BOOSTER BOV-3000	3,49	6	1,25	12
Vitoplex 100 PV1 150	0,15	6	0,2	12
Vitoplex 100 PV1 200	0,2	6	0,23	12
Vitoplex 100 PV1 250	0,25	6	0,28	12
Vitoplex 100 PV1 310	0,31	6	0,34	12
Vitoplex 100 PV1 400	0,4	6	0,49	12
Vitoplex 100 PV1 500	0,5	6	0,46	12
Vitoplex 100 PV1 620	0,62	6	0,54	12
Vitoplex 100 PV1 780	0,78	6	0,09	12
Vitoplex 100 PV1 950	0,95	6	1	12
Vitoplex 100 PV1 1120	1,12	6	1,3	12
Vitoplex 100 PV1 1350	1,35	6	1,32	12
Vitoplex 100 PV1 1700	1,7	6	1,67	12
Vitoplex 100 PV1 2000	2	6	1,77	12
Vitoplex 200 SX2A 90	0,09	4	0,18	12
Vitoplex 200 SX2A 120	0,12	4	0,21	12
Vitoplex 200 SX2A 150	0,15	4	0,26	12
Vitoplex 200 SX2A 200	0,2	4	0,3	12
Vitoplex 200 SX2A 270	0,27	4	0,4	12
Vitoplex 200 SX2A 350	0,35	4	0,05	12
Vitoplex 200 SX2A  440	0,44	4	0,6	12
Vitoplex 200 SX2A 560	0,56	4	0,64	12
Vitoplex 200 SX2A 700	0,7	6	0,94	12
Vitoplex 200 SX2A 900	0,9	6	1,33	12
Vitoplex 200 SX2A 1100	1,1	6	1,53	12
Vitoplex 200 SX2A 1300	1,3	6	1,69	12
Vitoplex 200 SX2A 1950	1,6	6	2,51	12
Vitoplex 200 SX2A 1601	1,95	6	2,42	12
Riello RTQ 50	0,06	6	0,07	12
Riello RTQ 64	0,07	6	0,09	12
Riello RTQ 82	0,09	6	0,1	12
Riello RTQ 105	0,12	6	0,13	12
Riello RTQ  154	0,17	6	0,16	12
Riello RTQ 203	0,22	6	0,29	12
Riello RTQ 235	0,26	6	0,29	12
Riello RTQ 297	0,32	6	0,27	12
Riello RTQ 323	0,35	6	0,27	12
Riello RTQ 357	0,38	6	0,26	12
Riello RTQ 18	0,45	6	0,31	12
Riello RTQ 467	0,5	6	0,31	12
Riello RTQ 537	0,58	6	0,59	12
Riello RTQ 597	0,64	6	0,59	12
Riello RTQ 715	0,77	6	0,59	12
Riello RTQ 837	0,9	6	0,76	12
Riello RTQ 920	0,99	6	0,66	12
Riello RTQ 1020	1,1	6	0,84	12
Riello RTQ 1250	1,34	6	1,11	12
Riello RTQ 1510	1,62	6	1,3	12
Riello RTQ 1700	1,82	6	1,48	12
Riello RTQ 2020	2,16	6	1,77	12
Riello RTQ 2320	2,49	6	1,58	12
Riello RTQ 2620	2,83	6	2,53	12
Riello RTQ 2920	3,15	6	2,7	12
Riello RTQ 3200	3,45	6	2,75	12
Riello RTQ 3500	3,78	6	2,75	12
Riello RTQ 4000	4,32	6	3,65	12
Riello RTQ 4500	4,85	6	4,08	12
Riello RTQ 5000	5,39	6	4,57	12
Кronas EKO 12	0,01	2	0,05	2
Кronas EKO 16	0,02	2	0,06	2
Кronas EKO 20	0,02	2	0,07	2
Кronas EKO 24	0,02	2	0,08	2
Кronas UNIC 17	0,02	2	0,06	2
Кronas UNIC 22	0,02	2	0,07	2
Кronas UNIC 27	0,03	2	0,08	2
Кronas UNIC 35	0,04	2	0,1	2
Кronas UNIC-NEW 17	0,02	2	0,09	2
Кronas UNIC-NEW 22	0,02	2	0,11	2
Кronas UNIC-NEW 27	0,03	2	0,13	2
Кronas UNIC-NEW 35	0,04	2	0,17	2
Кronas UNIC-NEW 50	0,05	2	0,2	2
Кronas UNIC-NEW 62	0,06	2	0,23	2
Кronas UNIC-NEW 75	0,08	2	0,29	2
Кronas UNIC-NEW 98	0,1	2	0,31	2
Кronas UNIC-NEW 125	0,13	2	0,42	2
Кronas UNIC-NEW 150	0,15	2	0,42	2
Кronas UNIC-P 17	0,02	2	0,09	2
Кronas UNIC-P 22	0,02	2	0,11	2
Кronas UNIC-P 27	0,03	2	0,13	2
Кronas UNIC-P 35	0,04	2	0,16	2
Кronas UNIC-P 50	0,05	2	0,19	2
Кronas UNIC-P 62	0,06	2	0,22	2
Кronas UNIC-P 75	0,08	2	0,28	2
Кronas UNIC-P 98	0,1	2	0,34	2
Кronas UNIC-P 125	0,13	2	0,38	2
Кronas UNIC-P 150	0,15	2	0,41	2
Кronas PROM 97	0,1	2	0,35	2
Кronas PROM 150	0,15	2	0,4	2
Кronas PROM 200	0,2	2	0,45	2
Кronas PROM 250	0,25	2	0,5	2
Кronas PROM 300	0,3	2	0,65	2
Кronas PROM 400	0,4	2	0,8	2
Кronas PROM 500	0,5	2	1	2
Кronas UNIC-COMBI 22	0,02	2	0,09	2
Кronas UNIC-COMBI 27	0,02	2	0,11	2
Кronas UNIC-COMBI 35	0,03	2	0,13	2
Кronas UNIC-COMBI 50	0,04	2	0,16	2
Кronas UNIC-COMBI 62	0,05	2	0,19	2
Кronas UNIC-COMBI 75	0,06	2	0,22	2
Кronas UNIC-COMBI 98	0,08	2	0,28	2
Кronas UNIC-COMBI 125	0,1	2	0,33	2
Кronas UNIC-COMBI 150	0,13	2	0,37	2
Кronas PROM-COMBI 97	0,1	2	0,35	2
Кronas PROM-COMBI 150	0,15	2	0,41	2
Кronas PROM-COMBI 200	0,2	2	0,46	2
Кronas PROM-COMBI 250	0,25	2	0,5	2
Кronas PROM-COMBI 300	0,3	2	0,67	2
Кronas PROM-COMBI 400	0,4	2	0,78	2
Кronas PROM-COMBI 500	0,5	2	1,01	2
КОЛВИ 80	0,09	6	0,1	12
КОЛВИ 90	0,1	6	0,12	12
КОЛВИ 120	0,14	6	0,12	12
КОЛВИ 140	0,16	6	0,15	12
КОЛВИ 170	0,2	6	0,15	12
КОЛВИ 200	0,23	6	0,15	12
КОЛВИ 250	0,29	6	0,35	12
КОЛВИ 270	0,31	6	0,35	12
КОЛВИ 300	0,35	6	0,4	12
КОЛВИ 350	0,41	6	0,47	12
КОЛВИ 440	0,51	6	0,63	12
КОЛВИ 500	0,58	6	0,65	12
КОЛВИ 550	0,64	6	0,65	12
КОЛВИ 600	0,7	6	0,8	12
КОЛВИ 650	0,76	6	0,8	12
КОЛВИ 1000	1,1	6	1,15	12
КОЛВИ 1300	1,3	6	1,15	12
КОЛВИ 1500	1,5	6	1,15	12
КОЛВИ 3000	3	6	2,3	12
КОЛВИ 240Д	0,28	6	0,24	12
КОЛВИ 400Д	0,47	6	0,3	12
КОЛВИ 500Д	0,58	6	0,7	12
КОЛВИ 3000Р	3	6	2,56	12
КОЛВИ 4000Р	4	6	5,64	12
КОЛВИ 6000Р	6	6	5,6	12
КОЛВИ 8000Р	8	6	7,9	12
КОЛВИ 10000Р	10	6	9,8	12
КОЛВИ 100	0,1	6	0,12	4
КОЛВИ 50	0,05	6	0,06	4
ТТА-50	0,05	?	0,2	2
ТТА-75	0,08	?	0,3	2
ТТА-100	0,1	?	0,4	2
ТТА-150	0,15	?	0,6	2
ТТА-200	0,2	?	0,8	2
ТТА-300	0,3	?	1	2
Omnimat 80	0,8	6,0,10,0	1	4
Omnimat 100	1	6,0,10,1	1,3	4
Omnimat 125	1,25	6,0,10,2	1,5	4
Omnimat 160	1,6	6,0,10,3	1,8	4
Omnimat 200	2	6,0,10,4	2,3	4
Omnimat 260	2,6	6,0,10,5	3,3,	4
Omnimat 320	3,2	6,0,10,6	3,6	4
Omnimat 400	4	6,0,10,7	5,3	4
Omnimat 500	5	6,0,10,8	6,5	4
Omnimat 600	6	6,0,10,9	7,9	4
Omnimat 700	7	6,0,10,10	10,2	4
Omnimat 800	8	6,0,10,11	10,6	4
Omnimat 920	9,2	6,0,10,12	10,3	4
АВ	8,15	0,7	19,9	4
НИИСТУ-5	0,54	6	0,42	2
НИИСТУ-5	0,33	6	0,26	2
КВ-ГМ-100-150	116,3	9,8-25	30	12
КВ-ГМ-100-150С	116,3	10,3	30	12
ПТВМ-50	58,15	25	15	12
КВр-0,63К(КВЦ 0,63-95Р)	0,63	6	1,64	12
КВр-0,63К(КВЦ 0,63-95ОУР)	0,63	6	1,64	12
КВр-0,8К(КВЦ 0,8-95Р)	0,8	6	1,7	12
КВр-0,8К(КВЦ 0,8-95 ОУР)	0,8	6	1,7	12
КВм-1,25К(КВЦ1,25-95 ОУР-ПМЗ-ПК)	1,25	6	2,2	12
КВм-1,6К(КВЦ1,6-95 ОУР-ПМЗ-ПК)	1,6	6	2,45	12
КВм-1,6К(КВЦ1,6-95 ШП)	1,25	6	1,3	12
КВм-1,25К(КВЦ1,25-95 ШП)	1,6	6	1,7	12
КВм-2,0К (КВЦ 2,0-95 ШП)	2	6	2,1	12
КВм-3,15(КВЦ3,15-95 КС)	3,5	6	5,03	12
КВм-4,0(КВЦ4,0-95 КС)	4	6	6,24	12
Ква-1,25Гн(М,ЛЖ) (КВЦ1,2-95ГМ(ЛЖ))	1,25	6	1,33	12
Ква-1,6Гн(М,ЛЖ) (КВЦ1,6-95ГМ(ЛЖ))	1,6	6	2,6	12
Ква-2,0Гн(М,ЛЖ) (КВЦ2,0-95ГМ(ЛЖ))	2	6	2,6	12
КВ-ГМ-0,15-115Н	0,15	4	0,23	12
КВ-ГМ-0,25-115н	0,25	4	0,23	12
КВ-ГМ-0,35-115Н	0,35	4	0,39	12
КВ-ГМ-0,5-115н	0,5	4	0,39	12
КВ-ГМ-4,65-150	4,65	10	2,3	12
КВ-ГМ-4,65-150(115)	4,65	10	2,3	4
КВ-ГМ-7,56-150	7,56	10	2,97	12
КВ-ГМ-11,63-150Н	11,63	16	4,22	12
КВ-ГМ-11,63-115Н	11,63	16	4,34	12
КВ-ГМ-0,75-115Н	0,75	6	0,86	12
КВ-ГМ-1,0-115Н	1	6	0,86	12
КВ-ГМ-1,5-115Н	1,5	6	1,3	12
КВ-ГМ-2,32-115Н	2,32	6	1,9	12
КВ-Г-4,65-95Н	4,65	6	1,76	4
КВ-Г-7,56-95Н	7,56	6	2,97	4
КВ-Г-4,65-115Н	4,65	6	1,76	4
КВ-Г-7,56-115Н	7,56	6	2,97	4
КВ-Р-0,8-95	0,8	6	1,18	2
КВ-ГМ-2,0-115Н	2	6	6,5	12
КВ-ГМ-3,0-115Н	3	6	9,65	12
КВ-ГМ-3,2-115Н	3,2	6	9,65	12
КВ-ГМ-4,5-115Н	4,5	6	11,3	12
КВ-Р-0,63-95	0,63	6	0,41	2
КВ-ГМ-4,65-150Н	4,65	10	2,2	12
КВ-ГМ-4,65-115Н	4,65	4,3	2,2	12
КВ-Р-1,5-95	1,5	6	1,34	2
КВ-Р-2,5-95	2,5	6	1,68	2
КВ-ГМ-7,56-150Н	7,56	10	3,27	12
VT-630	0,63	6	0,77	4
VT-1100	1,1	6	1,05	4
VT-2000	2	6	1,38	4
Смоленск-1	1,16	6	0,61	12
Смоленск-2	2,32	6	0,9	12
Смоленск-3	3,48	6	1,27	12